8855 8910 8965 9020 9075 9130 9185 9240 9295 9350 
23455 23610 23765 23920 24075 24230 24385 24540 24695 24850 
38055 38310 38565 38820 39075 39330 39585 39840 40095 40350 
52655 53010 53365 53720 54075 54430 54785 55140 55495 55850 
67255 67710 68165 68620 69075 69530 69985 70440 70895 71350 
81855 82410 82965 83520 84075 84630 85185 85740 86295 86850 
96455 97110 97765 98420 99075 99730 100385 101040 101695 102350 
111055 111810 112565 113320 114075 114830 115585 116340 117095 117850 
125655 126510 127365 128220 129075 129930 130785 131640 132495 133350 
140255 141210 142165 143120 144075 145030 145985 146940 147895 148850 
